Species,Complete_BUSCOs,Single_BUSCOs,Duplicated_BUSCOs,Fragmented_BUSCOs,Missing_BUSCOs,Assembler
Acanthogammarus_godlewskii,	49.9,40.9,9,20.5,29.6,Trinity
Asprogammarus_rhodophthalmus,	62.4,42.9,19.5,17.2,20.4,Trinity
Baikalogammarus_pullus,	56.7,42.8,13.9,16.2,27.1,Trinity
Boeckaxelia_carpenterii,	59.7,44.9,14.8,16.5,23.8,Trinity
Boeckaxelia_potanini,	47.2,41,6.2,17.4,35.4,Trinity
Brachyuropus_grewingkii,	61.1,47.4,13.7,16.3,22.6,Trinity
Brandtia_latissima,	56.2,48.9,7.3,18.8,25,Trinity
Caprella_sp,	79.8,46.2,33.6,15.8,4.4,Trinity
Carinurus_bicarinatus,	52.1,40.8,11.3,16.5,31.4,Trinity
Cornugammarus_maximus,	53.5,44.7,8.8,19.9,26.6,Trinity
Crypturopus_inflatus,	34.6,29.5,5.1,24.1,41.3,Trinity
Dorogostaiskia_parasitica,	44.4,35.7,8.7,18.7,36.9,Trinity
Echinogammarus_berilloni,	95.4,43.1,52.3,2.9,1.7,Trinity
Echiuropus_macronychus,	55.0,41.7,13.3,14.3,30.7,Trinity
Eogammarus_possjeticus,	92.9,45.2,47.7,5,2.1,Trinity
Eucarinogammarus_wagii,	53.1,37.4,15.7,24,22.9,Trinity
Eulimnogammarus_cruentus,	64.2,52.1,12.1,17.4,18.4,Trinity
Eulimnogammarus_cyaneus,	89.5,77.8,11.7,5.9,4.6,Trinity
Eulimnogammarus_czerskii,	65.3,49.6,15.7,15.2,19.5,Trinity
Eulimnogammarus_marituji,	63.6,47.9,15.7,15.3,21.1,Trinity
Eulimnogammarus_messerschmidtii,	57.0,41.1,15.9,14.1,28.9,Trinity
Eulimnogammarus_similis,	66.1,50.2,15.9,15.4,18.5,Trinity
Eulimnogammarus_sp._gam16.4,	32.8,28.7,4.1,17.2,50,Trinity
Eulimnogammarus_testaceus,	67.3,48.7,18.6,13.7,19,Trinity
Eulimnogammarus_ussolzewii,	58.6,45.3,13.3,17,24.4,Trinity
Eulimnogammarus_verrucosus,	71.0,50.7,20.3,12.9,16.1,Trinity
Eulimnogammarus_violaceus,	57.5,43.3,14.2,18.9,23.6,Trinity
Eulimnogammarus_viridulus,	66.7,50.6,16.1,15.7,17.6,Trinity
Eulimnogammarus_vittatus,	57.0,45,12,15.8,27.2,Trinity
Gammarus_chevreuxi,	87.1,59.9,27.2,2.8,10.1,Trinity
Gammarus_fossarum,	93.3,43.2,50.1,4.9,1.8,Trinity
Gammarus_lacustris,	90.0,66.3,23.7,6.4,3.6,Trinity
Gammarus_minus,	96.2,50.9,45.3,1.5,2.3,Trinity
Gammarus_pisinnus,	76.9,39.2,37.7,15.9,7.2,Trinity
Gammarus_pulex,	92.7,42,50.7,4.7,2.6,Trinity
Gammarus_wautieri,	91.4,47.8,43.6,5.4,3.2,Trinity
Garjajewia_dershawini,	51.9,44.8,7.1,18.1,30,Trinity
Gmelinoides_fasciatus,	67.0,48.6,18.4,15,18,Trinity
Heterogammarus_sophianosii,	73.4,57.1,16.3,11.1,15.5,Trinity
Hirondellea_gigas,	91.2,89.3,1.9,4,4.8,Trinity
Homalogammarus_brandtii,	46.6,39.3,7.3,15.3,38.1,Trinity
Hyalella_azteca,	36.9,30.5,6.4,30.8,32.3,Trinity
Hyalellopsis_carinata,	65.0,50.4,14.6,16.4,18.6,Trinity
Hyalellopsis_costata,	59.2,42.3,16.9,20.7,20.1,Trinity
Hyalellopsis_grisea,	64.4,49.2,15.2,16.3,19.3,Trinity
Hyalellopsis_setosa,	70.2,52.6,17.6,15.2,14.6,Trinity
Hyalellopsis_stebbingi,	59.8,41.3,18.5,18.1,22.1,Trinity
Linevichella_vortex,	72.7,50.4,22.3,11.1,16.2,Trinity
Macrohectopus_branickii,	45.3,36.1,9.2,18.4,36.3,Trinity
Macropereiopus_parvus,	72.3,54.9,17.4,12.9,14.8,Trinity
Macropereiopus_wagneri,	31.6,26.8,4.8,18,50.4,Trinity
Marinogammarus_marinus,	85.7,56,29.7,8.8,5.5,Trinity
Micruropus_glaber,	64.3,51.1,13.2,15.1,20.6,Trinity
Micruropus_parvulus,	49.7,38,11.7,26.6,23.7,Trinity
Micruropus_wahlii,	87.6,47.9,39.7,7.2,5.2,Trinity
Odontogammarus_calcaratus,	62.5,46.6,15.9,16.6,20.9,Trinity
Ommatogammarus_albinus,	77.9,57.1,20.8,9.8,12.3,Trinity
Ommatogammarus_flavus,	72.0,55.4,16.6,11.5,16.5,Trinity
Oxyacanthus_curtus,	54.3,45.7,8.6,21.2,24.5,Trinity
Oxyacanthus_flavus,	72.7,56.3,16.4,11.3,16,Trinity
Oxyacanthus_sowinskii,	59.2,49.4,9.8,18.6,22.2,Trinity
Pachyschesis_branchialis,	74.0,57.4,16.6,10.4,15.6,Trinity
Palicarinus_puzyllii,	70.9,54.4,16.5,12.3,16.8,Trinity
Pallasea_cancelloides,	34.9,28.4,6.5,20.8,44.3,Trinity
Pallasea_cancellus,	64.6,48.9,15.7,14.3,21.1,Trinity
Pallasea_grubei,	60.1,48,12.1,17.6,22.3,Trinity
Pallasea_sp._gam7.3,	67.8,50.8,17,13.1,19.1,Trinity
Pallaseopsis_kessleri,	50.7,42.9,7.8,20.3,29,Trinity
Pandorites_podoceroides,	51.0,43.2,7.8,20.7,28.3,Trinity
Parapallasea_borowskii,	58.8,42,16.8,17.6,23.6,Trinity
Parapallasea_wosnessenskii,	68.6,53.5,15.1,14.9,16.5,Trinity
Parhyale_hawaiensis,	91.0,81,10,5.1,3.9,Trinity
Pentagonurus_dawydowi,	64.7,48.1,16.6,14.2,21.1,Trinity
Poekilogammarus_pictoides,	65.8,50.5,15.3,16.4,17.8,Trinity
Sluginella_kietlinskii,	24.7,22.1,2.6,12.7,62.6,Trinity
Talitrus_saltator,	92.5,62.9,29.6,4.4,3.1,Trinity
