36
Acanthogammarus_godlewskii   0.00000000 0.01462479 0.00278916 0.00470017 0.14251865 0.00357523 0.00482946 0.02794138 0.00695704 0.00463430 0.02218882 0.01450947 0.01419139 0.01722943 0.01480435 0.01479087 0.01454382 0.01574723 0.00388916 0.09352735 0.00473767 0.00618992 0.01608628 0.00537440 0.02943143 0.01617392 0.00516977 0.00487397 0.00347657 0.00592619 0.00379609 0.00641726 0.00361438 0.09901157 0.00605521 0.09897296 
Asprogammarus_rhodophthalmus 0.01462479 0.00000000 0.01444936 0.01458521 0.14305776 0.01461731 0.01506966 0.02832787 0.01538574 0.01403146 0.02266041 0.01345351 0.01494203 0.01737816 0.01405824 0.01363715 0.01343044 0.01157859 0.01448587 0.09336044 0.01502500 0.01538059 0.01159857 0.01486761 0.02964210 0.01185669 0.01462848 0.01448664 0.01455696 0.01530044 0.01429518 0.01616135 0.01415977 0.09954446 0.01576907 0.09967147 
Boeckaxelia_carpenterii      0.00278916 0.01444936 0.00000000 0.00430153 0.14327025 0.00304171 0.00443370 0.02788507 0.00655242 0.00415744 0.02189680 0.01425562 0.01392744 0.01700601 0.01456385 0.01443323 0.01430779 0.01561718 0.00346609 0.09327346 0.00429395 0.00580591 0.01594097 0.00489799 0.02920588 0.01609556 0.00481546 0.00438470 0.00331001 0.00561644 0.00336092 0.00620734 0.00306907 0.09898369 0.00587831 0.09895899 
Brandtia_latissima           0.00470017 0.01458521 0.00430153 0.00000000 0.13931968 0.00421771 0.00233051 0.02737578 0.00702866 0.00473282 0.02163050 0.01438059 0.01396686 0.01689351 0.01449481 0.01453058 0.01437098 0.01554274 0.00382720 0.09026696 0.00441800 0.00622652 0.01586703 0.00567749 0.02873546 0.01613804 0.00554706 0.00514688 0.00487008 0.00616803 0.00390213 0.00605991 0.00362276 0.09610542 0.00593796 0.09561494 
Caprella_sp                  0.14251865 0.14305776 0.14327025 0.13931968 0.00000000 0.14415496 0.14481708 0.14163276 0.14154529 0.14204223 0.14076259 0.14159658 0.14174454 0.14452031 0.14146483 0.14123167 0.14192052 0.14316879 0.14263937 0.14927759 0.14352696 0.14328898 0.14287491 0.14313844 0.14274355 0.14410688 0.14314814 0.14338840 0.14079360 0.14339184 0.14328372 0.14321150 0.14281678 0.14998584 0.14399416 0.15113264 
Carinurus_bicarinatus        0.00357523 0.01461731 0.00304171 0.00421771 0.14415496 0.00000000 0.00451510 0.02815696 0.00669479 0.00430389 0.02216703 0.01446860 0.01403407 0.01726307 0.01457591 0.01473405 0.01441234 0.01580358 0.00361079 0.09383333 0.00445831 0.00591073 0.01604087 0.00495513 0.02938454 0.01626833 0.00490119 0.00443395 0.00372270 0.00568670 0.00351573 0.00639570 0.00313090 0.09963004 0.00599691 0.09958455 
Dorogostaiskia_parasitica    0.00482946 0.01506966 0.00443370 0.00233051 0.14481708 0.00451510 0.00000000 0.02844388 0.00727402 0.00491744 0.02251404 0.01498556 0.01446060 0.01761406 0.01521727 0.01514656 0.01501787 0.01619102 0.00391516 0.09407874 0.00462354 0.00645502 0.01654377 0.00578546 0.02970996 0.01674472 0.00566311 0.00533019 0.00488871 0.00645022 0.00401983 0.00605205 0.00375215 0.10023709 0.00611708 0.09984264 
Echinogammarus_berilloni     0.02794138 0.02832787 0.02788507 0.02737578 0.14163276 0.02815696 0.02844388 0.00000000 0.02799027 0.02734861 0.02708389 0.02752152 0.02728299 0.02756497 0.02826780 0.02763268 0.02756512 0.02877948 0.02810277 0.09255718 0.02853615 0.02871802 0.02926620 0.02821321 0.02492601 0.02929168 0.02793526 0.02816408 0.02785850 0.02879357 0.02792198 0.02961691 0.02769620 0.09710623 0.02930493 0.09721203 
Echiuropus_macronychus       0.00695704 0.01538574 0.00655242 0.00702866 0.14154529 0.00669479 0.00727402 0.02799027 0.00000000 0.00649225 0.02226408 0.01538726 0.01497303 0.01786801 0.01562548 0.01538324 0.01538496 0.01635349 0.00673610 0.09174127 0.00707882 0.00716256 0.01654486 0.00747886 0.02941887 0.01696587 0.00703835 0.00699764 0.00674064 0.00775845 0.00667513 0.00849423 0.00637040 0.09777434 0.00812466 0.09760416 
Eulimnogammarus_cyaneus      0.00463430 0.01403146 0.00415744 0.00473282 0.14204223 0.00430389 0.00491744 0.02734861 0.00649225 0.00000000 0.02126032 0.01373695 0.01329643 0.01651071 0.01406203 0.01394006 0.01372618 0.01498189 0.00407759 0.09271684 0.00502115 0.00554418 0.01544241 0.00479757 0.02854505 0.01555348 0.00483476 0.00433115 0.00485664 0.00528532 0.00408484 0.00684915 0.00381680 0.09797445 0.00644500 0.09799489 
Gammarus_chevreuxi           0.02218882 0.02266041 0.02189680 0.02163050 0.14076259 0.02216703 0.02251404 0.02708389 0.02226408 0.02126032 0.00000000 0.02209027 0.02160803 0.02168316 0.02231412 0.02191113 0.02213301 0.02316214 0.02192596 0.09270887 0.02261474 0.02280392 0.02341821 0.02234159 0.02825183 0.02350849 0.02209826 0.02200424 0.02206671 0.02274879 0.02197804 0.02353991 0.02166838 0.09787393 0.02332146 0.09735125 
Gammarus_fossarum            0.01450947 0.01345351 0.01425562 0.01438059 0.14159658 0.01446860 0.01498556 0.02752152 0.01538726 0.01373695 0.02209027 0.00000000 0.01445325 0.01744598 0.01368895 0.00854353 0.00347132 0.01438400 0.01433500 0.09272532 0.01497489 0.01516950 0.01486648 0.01465330 0.02902090 0.01490034 0.01463861 0.01438177 0.01448895 0.01516429 0.01420697 0.01613754 0.01401988 0.09789880 0.01604757 0.09821793 
Gammarus_lacustris           0.01419139 0.01494203 0.01392744 0.01396686 0.14174454 0.01403407 0.01446060 0.02728299 0.01497303 0.01329643 0.02160803 0.01445325 0.00000000 0.01706008 0.01471311 0.01470369 0.01450041 0.01591763 0.01396375 0.09227413 0.01445878 0.01484631 0.01624087 0.01423571 0.02880776 0.01642583 0.01426314 0.01390791 0.01404907 0.01477074 0.01386819 0.01580775 0.01361502 0.09772840 0.01560627 0.09802252 
Gammarus_minus               0.01722943 0.01737816 0.01700601 0.01689351 0.14452031 0.01726307 0.01761406 0.02756497 0.01786801 0.01651071 0.02168316 0.01744598 0.01706008 0.00000000 0.01739355 0.01744463 0.01745589 0.01865220 0.01694285 0.09428686 0.01773528 0.01799213 0.01872790 0.01732699 0.02884613 0.01906408 0.01723504 0.01697373 0.01713661 0.01768391 0.01691126 0.01874286 0.01660281 0.09987018 0.01852459 0.09997161 
Gammarus_pisinnus            0.01480435 0.01405824 0.01456385 0.01449481 0.14146483 0.01457591 0.01521727 0.02826780 0.01562548 0.01406203 0.02231412 0.01368895 0.01471311 0.01739355 0.00000000 0.01366174 0.01351544 0.01496987 0.01457666 0.09279630 0.01517187 0.01550052 0.01537638 0.01489795 0.02926703 0.01554564 0.01485194 0.01455973 0.01493463 0.01538336 0.01449403 0.01637584 0.01413050 0.09843658 0.01624838 0.09813021 
Gammarus_pulex               0.01479087 0.01363715 0.01443323 0.01453058 0.14123167 0.01473405 0.01514656 0.02763268 0.01538324 0.01394006 0.02191113 0.00854353 0.01470369 0.01744463 0.01366174 0.00000000 0.00860674 0.01445248 0.01453382 0.09282813 0.01512470 0.01540026 0.01499760 0.01495450 0.02906281 0.01503743 0.01483514 0.01458662 0.01468898 0.01540195 0.01445658 0.01613979 0.01426227 0.09788706 0.01618668 0.09831546 
Gammarus_wautieri            0.01454382 0.01343044 0.01430779 0.01437098 0.14192052 0.01441234 0.01501787 0.02756512 0.01538496 0.01372618 0.02213301 0.00347132 0.01450041 0.01745589 0.01351544 0.00860674 0.00000000 0.01436429 0.01433335 0.09283078 0.01501189 0.01510852 0.01480320 0.01470728 0.02912179 0.01492426 0.01459568 0.01442347 0.01456001 0.01527397 0.01429151 0.01612540 0.01396897 0.09801407 0.01610768 0.09807921 
Gmelinoides_fasciatus        0.01574723 0.01157859 0.01561718 0.01554274 0.14316879 0.01580358 0.01619102 0.02877948 0.01635349 0.01498189 0.02316214 0.01438400 0.01591763 0.01865220 0.01496987 0.01445248 0.01436429 0.00000000 0.01549046 0.09345358 0.01627549 0.01633525 0.00785942 0.01591825 0.02991577 0.00638086 0.01582802 0.01562720 0.01573640 0.01643238 0.01555053 0.01725788 0.01529932 0.09914023 0.01715514 0.09915421 
Heterogammarus_sophianosii   0.00388916 0.01448587 0.00346609 0.00382720 0.14263937 0.00361079 0.00391516 0.02810277 0.00673610 0.00407759 0.02192596 0.01433500 0.01396375 0.01694285 0.01457666 0.01453382 0.01433335 0.01549046 0.00000000 0.09309141 0.00389279 0.00576221 0.01594843 0.00493192 0.02927144 0.01604260 0.00480989 0.00440735 0.00419737 0.00568390 0.00277297 0.00586911 0.00251251 0.09879957 0.00546202 0.09865459 
Hirondellea_gigas            0.09352735 0.09336044 0.09327346 0.09026696 0.14927759 0.09383333 0.09407874 0.09255718 0.09174127 0.09271684 0.09270887 0.09272532 0.09227413 0.09428686 0.09279630 0.09282813 0.09283078 0.09345358 0.09309141 0.00000000 0.09344934 0.09351871 0.09341003 0.09347634 0.09310832 0.09416764 0.09280919 0.09334469 0.09267440 0.09355235 0.09342361 0.09451980 0.09283464 0.10755941 0.09454804 0.10842740 
Homalogammarus_brandtii      0.00473767 0.01502500 0.00429395 0.00441800 0.14352696 0.00445831 0.00462354 0.02853615 0.00707882 0.00502115 0.02261474 0.01497489 0.01445878 0.01773528 0.01517187 0.01512470 0.01501189 0.01627549 0.00389279 0.09344934 0.00000000 0.00645820 0.01642833 0.00584058 0.02982027 0.01672426 0.00551390 0.00520770 0.00491711 0.00638013 0.00380436 0.00608911 0.00357834 0.09963009 0.00527392 0.09897005 
Hyalellopsis_costata         0.00618992 0.01538059 0.00580591 0.00622652 0.14328898 0.00591073 0.00645502 0.02871802 0.00716256 0.00554418 0.02280392 0.01516950 0.01484631 0.01799213 0.01550052 0.01540026 0.01510852 0.01633525 0.00576221 0.09351871 0.00645820 0.00000000 0.01665582 0.00655900 0.02989351 0.01688156 0.00633622 0.00605598 0.00642183 0.00706768 0.00572777 0.00809229 0.00543388 0.09905317 0.00789208 0.09903429 
Linevichella_vortex          0.01608628 0.01159857 0.01594097 0.01586703 0.14287491 0.01604087 0.01654377 0.02926620 0.01654486 0.01544241 0.02341821 0.01486648 0.01624087 0.01872790 0.01537638 0.01499760 0.01480320 0.00785942 0.01594843 0.09341003 0.01642833 0.01665582 0.00000000 0.01637869 0.03020829 0.00794818 0.01611467 0.01593835 0.01613338 0.01668998 0.01590968 0.01749609 0.01566979 0.09955009 0.01729129 0.09946446 
Macropereiopus_parvus        0.00537440 0.01486761 0.00489799 0.00567749 0.14313844 0.00495513 0.00578546 0.02821321 0.00747886 0.00479757 0.02234159 0.01465330 0.01423571 0.01732699 0.01489795 0.01495450 0.01470728 0.01591825 0.00493192 0.09347634 0.00584058 0.00655900 0.01637869 0.00000000 0.02951300 0.01653201 0.00545551 0.00406939 0.00563758 0.00626735 0.00486400 0.00763724 0.00457985 0.09933368 0.00726271 0.09913351 
Marinogammarus_marinus       0.02943143 0.02964210 0.02920588 0.02873546 0.14274355 0.02938454 0.02970996 0.02492601 0.02941887 0.02854505 0.02825183 0.02902090 0.02880776 0.02884613 0.02926703 0.02906281 0.02912179 0.02991577 0.02927144 0.09310832 0.02982027 0.02989351 0.03020829 0.02951300 0.00000000 0.03052361 0.02917760 0.02933914 0.02911213 0.03008102 0.02921356 0.03060104 0.02887310 0.09834084 0.03055953 0.09849277 
Micruropus_wahlii            0.01617392 0.01185669 0.01609556 0.01613804 0.14410688 0.01626833 0.01674472 0.02929168 0.01696587 0.01555348 0.02350849 0.01490034 0.01642583 0.01906408 0.01554564 0.01503743 0.01492426 0.00638086 0.01604260 0.09416764 0.01672426 0.01688156 0.00794818 0.01653201 0.03052361 0.00000000 0.01630170 0.01616240 0.01620429 0.01692707 0.01607294 0.01775756 0.01586880 0.10001532 0.01757358 0.10013256 
Odontogammarus_calcaratus    0.00516977 0.01462848 0.00481546 0.00554706 0.14314814 0.00490119 0.00566311 0.02793526 0.00703835 0.00483476 0.02209826 0.01463861 0.01426314 0.01723504 0.01485194 0.01483514 0.01459568 0.01582802 0.00480989 0.09280919 0.00551390 0.00633622 0.01611467 0.00545551 0.02917760 0.01630170 0.00000000 0.00499353 0.00541517 0.00622746 0.00479035 0.00724084 0.00446168 0.09930467 0.00679546 0.09873498 
Ommatogammarus_albinus       0.00487397 0.01448664 0.00438470 0.00514688 0.14338840 0.00443395 0.00533019 0.02816408 0.00699764 0.00433115 0.02200424 0.01438177 0.01390791 0.01697373 0.01455973 0.01458662 0.01442347 0.01562720 0.00440735 0.09334469 0.00520770 0.00605598 0.01593835 0.00406939 0.02933914 0.01616240 0.00499353 0.00000000 0.00513755 0.00571334 0.00433404 0.00720644 0.00408703 0.09973482 0.00669406 0.09939150 
Oxyacanthus_curtus           0.00347657 0.01455696 0.00331001 0.00487008 0.14079360 0.00372270 0.00488871 0.02785850 0.00674064 0.00485664 0.02206671 0.01448895 0.01404907 0.01713661 0.01493463 0.01468898 0.01456001 0.01573640 0.00419737 0.09267440 0.00491711 0.00642183 0.01613338 0.00563758 0.02911213 0.01620429 0.00541517 0.00513755 0.00000000 0.00615860 0.00405286 0.00643842 0.00385913 0.09780915 0.00618640 0.09808928 
Pachyschesis_branchialis     0.00592619 0.01530044 0.00561644 0.00616803 0.14339184 0.00568670 0.00645022 0.02879357 0.00775845 0.00528532 0.02274879 0.01516429 0.01477074 0.01768391 0.01538336 0.01540195 0.01527397 0.01643238 0.00568390 0.09355235 0.00638013 0.00706768 0.01668998 0.00626735 0.03008102 0.01692707 0.00622746 0.00571334 0.00615860 0.00000000 0.00562746 0.00796280 0.00538379 0.10005758 0.00766552 0.09952024 
Palicarinus_puzyllii         0.00379609 0.01429518 0.00336092 0.00390213 0.14328372 0.00351573 0.00401983 0.02792198 0.00667513 0.00408484 0.02197804 0.01420697 0.01386819 0.01691126 0.01449403 0.01445658 0.01429151 0.01555053 0.00277297 0.09342361 0.00380436 0.00572777 0.01590968 0.00486400 0.02921356 0.01607294 0.00479035 0.00433404 0.00405286 0.00562746 0.00000000 0.00584341 0.00199331 0.09931960 0.00543950 0.09906032 
Pallasea_cancelloides        0.00641726 0.01616135 0.00620734 0.00605991 0.14321150 0.00639570 0.00605205 0.02961691 0.00849423 0.00684915 0.02353991 0.01613754 0.01580775 0.01874286 0.01637584 0.01613979 0.01612540 0.01725788 0.00586911 0.09451980 0.00608911 0.00809229 0.01749609 0.00763724 0.03060104 0.01775756 0.00724084 0.00720644 0.00643842 0.00796280 0.00584341 0.00000000 0.00564869 0.09961077 0.00708804 0.09979352 
Parapallasea_wosnessenskii   0.00361438 0.01415977 0.00306907 0.00362276 0.14281678 0.00313090 0.00375215 0.02769620 0.00637040 0.00381680 0.02166838 0.01401988 0.01361502 0.01660281 0.01413050 0.01426227 0.01396897 0.01529932 0.00251251 0.09283464 0.00357834 0.00543388 0.01566979 0.00457985 0.02887310 0.01586880 0.00446168 0.00408703 0.00385913 0.00538379 0.00199331 0.00564869 0.00000000 0.09859991 0.00529272 0.09844254 
Parhyale_hawaiensis          0.09901157 0.09954446 0.09898369 0.09610542 0.14998584 0.09963004 0.10023709 0.09710623 0.09777434 0.09797445 0.09787393 0.09789880 0.09772840 0.09987018 0.09843658 0.09788706 0.09801407 0.09914023 0.09879957 0.10755941 0.09963009 0.09905317 0.09955009 0.09933368 0.09834084 0.10001532 0.09930467 0.09973482 0.09780915 0.10005758 0.09931960 0.09961077 0.09859991 0.00000000 0.10044469 0.05820401 
Poekilogammarus_pictoides    0.00605521 0.01576907 0.00587831 0.00593796 0.14399416 0.00599691 0.00611708 0.02930493 0.00812466 0.00644500 0.02332146 0.01604757 0.01560627 0.01852459 0.01624838 0.01618668 0.01610768 0.01715514 0.00546202 0.09454804 0.00527392 0.00789208 0.01729129 0.00726271 0.03055953 0.01757358 0.00679546 0.00669406 0.00618640 0.00766552 0.00543950 0.00708804 0.00529272 0.10044469 0.00000000 0.10029196 
Talitrus_saltator            0.09897296 0.09967147 0.09895899 0.09561494 0.15113264 0.09958455 0.09984264 0.09721203 0.09760416 0.09799489 0.09735125 0.09821793 0.09802252 0.09997161 0.09813021 0.09831546 0.09807921 0.09915421 0.09865459 0.10842740 0.09897005 0.09903429 0.09946446 0.09913351 0.09849277 0.10013256 0.09873498 0.09939150 0.09808928 0.09952024 0.09906032 0.09979352 0.09844254 0.05820401 0.10029196 0.00000000 
